xgrid = 0.0,0.003,0.014,0.027,0.039,0.055,0.071,0.088,0.107,
0.125,0.142,0.161,0.183,0.204,0.226,0.248,0.269,0.291,0.312,
0.334,0.357,0.379,0.401,0.423,0.446,0.468,0.491,0.513,0.536,
0.558,0.581,0.603,0.626,0.648,0.671,0.693,0.716,0.738,0.761,
0.783,0.806,0.828,0.851,0.873,0.896,0.918,0.941,0.963,0.986,0.995,1.0, 

ygrid = 0.0,0.008,0.017,0.042,0.063,0.085,0.104,0.129,0.151,
0.176,0.198,0.223,0.245,0.271,0.296,0.318,0.342,0.367,0.389,
0.412,0.437,0.461,0.483,0.508,0.532,0.556,0.581,0.603,0.628,
0.653,0.675,0.698,0.723,0.745,0.768,0.793,0.817,0.842,0.864,
0.887,0.912,0.936,0.958,0.973,0.982,0.985,0.991,0.996,0.998,0.999,1.0, 

zgrid = 0.0,0.005,0.011,0.026,0.049,0.072,0.093,0.117,0.141,
0.165,0.188,0.211,0.236,0.259,0.284,0.307,0.331,0.357,0.382,
0.405,0.428,0.453,0.477,0.501,0.526,0.549,0.574,0.598,0.622,
0.647,0.671,0.695,0.719,0.743,0.768,0.792,0.816,0.841,0.865,
0.889,0.914,0.938,0.962,0.978,0.979,0.986,0.992,0.996,0.998,0.999,1.0, 

mobs =
    ;1, 50, 1, 50, 21, 30,
         ;24,25,1,50, 30,50,
         ;26,27,1,50,1,20,
    ; 20, 30, 20,30, 35,40,; 6
     ;1,9,1,4,2,3,
     ;11,15,5,10,5,7,
     21,30,21,30,21,30,
    ; 1, 25,24,23,22,21,

    ;ygrid = yl(1)=0,yc(1)=0,nyl(1)=0,nyr(1)=72,dynm(1)=0,yl(2)=360,

walls = 
        ;2,2,3,4,5,6,1,0,
        ;4,4,4,5,12,13,1,0,
        ;6,8, 10,10,11,12,1,0, 

holes= ;04,04,04,05,12,13,1,1,1,0,0,0,0,

ends