xgrid = 0.0, 0.0076, 0.0159, 0.0242, 0.0321, 0.0405, 0.0487, 0.0569, 0.0651, 0.0734, 0.0816, 0.0898, 0.0980, 0.1063, 0.1145, 0.1227, 0.1309, 0.1392, 0.1474, 0.1556, 0.1638, 0.1721, 0.1803, 0.1885, 0.1967, 0.2050, 0.2132,0.2296, 0.2379, 0.2461, 0.2543, 0.2625, 0.2708, 0.2790, 0.2872, 0.2954, 0.3037, 0.3119, 0.3201, 0.3283, 0.3366, 0.3448, 0.3530, 0.3612, 0.3695, 0.3777, 0.3859, 0.3941, 0.4024, 0.4106, 0.4188, 0.4270, 0.4353, 0.4435, 0.4517, 0.4599, 0.4682, 0.4764, 0.4846, 0.4928, 0.5011, 0.5093, 0.5175, 0.5257, 0.5340, 0.5422, 0.5504, 0.5586, 0.5669, 0.5751, 0.5833, 0.5915, 0.5998, 0.6080, 0.6162, 0.6244, 0.6327, 0.6409, 0.6491, 0.6573, 0.6656, 0.6738, 0.6820, 0.6902, 0.6985, 0.7067, 0.7149, 0.7231, 0.7314, 0.7396, 0.7478, 0.7560, 0.7643, 0.7725, 0.7807, 0.7889, 0.7972, 0.8054, 0.8136, 0.8218, 0.8291, 0.8373, 0.8455, 0.8537, 0.8620, 0.8702, 0.8784, 0.8866, 0.8949, 0.9031, 0.9113, 0.9195, 0.9278, 0.9360, 0.9442, 0.9524, 0.9689, 0.9771, 0.9853, 0.9936, 1.00, 

ygrid = 0.00, 0.0081, 0.0163, 0.0246, 0.0329, 0.0411, 0.0494, 0.0577, 0.0659, 0.0742, 0.0825, 0.0907, 0.0990, 0.1073, 0.1155, 0.1238, 0.1321, 0.1403, 0.1486, 0.1569, 0.1651, 0.1734, 0.1899, 0.1982, 0.2065, 0.2147, 0.2230, 0.2313, 0.2395, 0.2478, 0.2561, 0.2643, 0.2726, 0.2809, 0.2891, 0.2974, 0.3057, 0.3139, 0.3222, 0.3305, 0.3387, 0.3470, 0.3553, 0.3635, 0.3718, 0.3801, 0.3883, 0.3966, 0.4049, 0.4131, 0.4214, 0.4297, 0.4379, 0.4462, 0.4545, 0.4627, 0.4710, 0.4793, 0.4875, 0.4958, 0.5041, 0.5123, 0.5206, 0.5289, 0.5371, 0.5454, 0.5537, 0.5619, 0.5702, 0.5785, 0.5867, 0.5950, 0.6033, 0.6115, 0.6198, 0.6281, 0.6363, 0.6446, 0.6529, 0.6611, 0.6694, 0.6777, 0.6859, 0.6942, 0.7025, 0.7107, 0.7190, 0.7273, 0.7355, 0.7438, 0.7521, 0.7603, 0.7686, 0.7769, 0.7851, 0.7934, 0.8017, 0.8099, 0.8182, 0.8265, 0.8347, 0.8430, 0.8513, 0.8595, 0.8678, 0.8761, 0.8843, 0.8926, 0.9009, 0.9091, 0.9174, 0.9257, 0.9339, 0.9422, 0.9505, 0.9587, 0.9670, 0.9753, 0.9835, 0.9918, 1.00,

zgrid = 0.00, 0.0083, 0.0167, 0.0250, 0.0333, 0.0417, 0.0500, 0.0583, 0.0667, 0.0750, 0.0833, 0.0917, 0.1000, 0.1083, 0.1167, 0.1250, 0.1333, 0.1417, 0.1500, 0.1583, 0.1667, 0.1750, 0.1833, 0.1917, 0.2000, 0.2083, 0.2167, 0.2250, 0.2333, 0.2417, 0.2500, 0.2583, 0.2667, 0.2750, 0.2833, 0.2917, 0.3000, 0.3083, 0.3167, 0.3250, 0.3333, 0.3417, 0.3500, 0.3583, 0.3667, 0.3750, 0.3833, 0.3917, 0.4000, 0.4083, 0.4167, 0.4250, 0.4333, 0.4417, 0.4500, 0.4583, 0.4667, 0.4750, 0.4833, 0.4917, 0.5000, 0.5083, 0.5167, 0.5250, 0.5333, 0.5417, 0.5500, 0.5583, 0.5667, 0.5750, 0.5833, 0.5917, 0.6000, 0.6083, 0.6167, 0.6250, 0.6333, 0.6417, 0.6500, 0.6583, 0.6667, 0.6750, 0.6833, 0.6917, 0.7000, 0.7083, 0.7167, 0.7250, 0.7333, 0.7417, 0.7500, 0.7583, 0.7667, 0.7750, 0.7833, 0.7917, 0.8000, 0.8083, 0.8167, 0.8250, 0.8333, 0.8417, 0.8500, 0.8583, 0.8667, 0.8750, 0.8833, 0.8917, 0.9000, 0.9083, 0.9167, 0.9250, 0.9333, 0.9417, 0.9500, 0.9583, 0.9667, 0.9750, 0.9833, 0.9917, 1.00,

mobs =
     ;1, 20, 1, 8, 55, 65, 
     ;21, 24, 1, 3, 55, 65, 
     ;25, 28, 1, 8, 55, 65,
     ;42,52,1,28,55,65,
     ;65, 68, 41, 70, 55,65,
     ;94, 121, 1, 18, 55, 65,
     46, 75, 46, 75, 46, 75,

    ;ygrid = yl(1)=0,yc(1)=0,nyl(1)=0,nyr(1)=72,dynm(1)=0,yl(2)=360,

walls = 
        2,2,3,4,5,6,1,0,
        4,4,4,5,12,13,1,0,
        6,8, 10,10,11,12,1,0, 

holes= 04,04,04,05,12,13,1,1,1,0,0,0,0,

ends
